25 9 15 0
25 9 15 1
26 46 8 0
26.1704 46.011 8.06479 1
34 11 24 0
34.9463 12.0134 23.8712 1
6 4 19 0
6.4245 3.8302 18.6604 1
14 18 48 0
14 18 48 1
26 38 32 0
26 38.2137 32 1
38 38 40 0
38 38 40 1
7 31 15 0
6.92894 30.9747 15.0753 1
17 45 25 0
17 45 25 1
20 30 38 0
19.7735 30.6868 37.5459 1
46 43 42 0
45.6015 42.9269 43.2153 1
33 37 29 0
33 37 29 1
19 17 10 0
19.8389 18.0192 9.83632 1
41 20 23 0
41 20 23 1
48 6 10 0
48.0925 6.21594 10.3702 1
47 36 20 0
47.1093 36 20.0364 1
38 37 47 0
38 37 47 1
1 16 37 0
1 16 37 1
12 29 2 0
12 29 2 1
47 16 3 0
47 16 3 1
22 45 28 0
22 45 28 1
6 28 12 0
6.49141 28.1718 11.6719 1
24 12 23 0
24.1718 12.3281 23.4914 1
20 43 21 0
20 43 21 1
18 19 2 0
17.521 19.1684 2.67279 1
8 26 34 0
8 26 34 1
5 20 38 0
5.21464 20.5689 38.1766 1
12 17 11 0
12 17 11 1
15 15 43 0
15 15 43 1
2 32 20 0
2 32 20.5581 1
33 36 46 0
33 36 46 1
11 41 47 0
11 41 47.3311 1
38 21 33 0
38.3181 21.1892 33.6752 1
40 8 14 0
39.9749 8.3957 13.8323 1
7 42 37 0
7 42 37 1
10 7 14 0
10 7 14 1
39 11 28 0
39 11 28 1
35 10 49 0
35 10 49 1
12 21 37 0
12.4059 21.0892 37.6983 1
42 44 48 0
42 44 48 1
19 21 6 0
19.4683 20.9347 6.11792 1
22 12 48 0
22 12 48 1
32 30 12 0
32.9259 30.4887 11.9119 1
22 39 4 0
22 39 4 1
23 7 12 0
22.804 7.4313 11.8432 1
46 30 48 0
46.5708 29.7029 48.3949 1
23 39 36 0
23.0757 38.9798 36.5615 1
19 24 26 0
20.622 23.9562 25.99 1
5 29 17 0
4.97051 29.161 17.0688 1
7 38 35 0
7 38 35 1
22 35 5 0
21.1562 35.3624 5.90461 1
47 27 36 0
47 27 36 1
28 31 38 0
28.2925 32.0249 37.823 1
9 15 14 0
9 15 14 1
34 14 28 0
34.4359 14.5217 27.5685 1
21 15 22 0
20.9281 15.1511 23.4354 1
28 24 30 0
27.8376 24.7989 29.9521 1
20 6 13 0
20 6 13 1
2 48 6 0
2 48 6 1
19 32 17 0
19.4793 31.5819 17.1049 1
27 18 28 0
26.4696 20.4552 28.3608 1
23 8 30 0
23 8 30 1
8 27 14 0
8.57668 27.2235 13.478 1
43 41 41 0
42.8067 41.2679 40.8464 1
44 29 26 0
44 29 26 1
8 32 34 0
8 32 34 1
13 5 40 0
13 5 40 1
9 21 17 0
9 21 17 1
41 7 13 0
41.236 7.23521 13.11 1
9 24 19 0
9 24 19 1
25 25 17 0
25.3149 25.2744 17.3911 1
26 6 25 0
26.1503 6.15026 25.4508 1
30 36 27 0
30 36 27 1
17 39 29 0
17 39 29 1
13 33 27 0
13 33 27 1
39 43 44 0
39 43 44 1
3 39 44 0
2.98195 39.0451 44.018 1
32 8 15 0
32.0228 8.02283 14.9772 1
8 14 41 0
8 14 41 1
26 2 10 0
26 2 10 1
1 18 30 0
1 18 30 1
25 27 8 0
25.0243 27.0121 7.98787 1
40 2 1 0
40 2 1 1
19 30 1 0
18.965 30.27 1.988 1
31 45 18 0
31.4787 45.1021 18.7213 1
36 19 48 0
36 19 48 1
29 6 11 0
29 6.00517 11 1
39 43 36 0
39 43 36 1
1 36 20 0
1.36641 36.3664 19.6565 1
18 10 9 0
18 10 9 1
4 6 8 0
4.39254 6.35358 7.57171 1
39 2 39 0
39 2 39 1
29 20 11 0
29.8779 19.941 11.4463 1
9 30 16 0
8.98787 29.8242 16.3637 1
30 47 19 0
29.9726 46.8327 19.3306 1
9 15 3 0
9 15 3 1
7 1 43 0
6.89302 1.17675 42.9689 1
47 31 47 0
47.4681 30.7346 47.2989 1
31 2 17 0
31.2899 1.71007 17.145 1
7 5 10 0
7.15468 5.54139 10.0387 1
4 1 46 0
4 1 46 1
45 44 42 0
44.5307 43.9125 43.1091 1
7 8 3 0
7.84657 8.28219 3 1
32 36 5 0
31.9366 36.111 5.03171 1
8 5 6 0
7.97116 5.57147 6.25796 1
1 37 47 0
1 37 47 1
1 32 5 0
1 32 5 1
21 15 1 0
21.173 14.5901 1.65104 1
43 37 25 0
43.0028 37 25.0031 1
8 37 43 0
8 37 43 1
24 43 36 0
23.6972 43.1012 36.5547 1
12 3 30 0
12 3 30 1
43 25 33 0
43 24.9939 33.0245 1
48 30 24 0
48 30 24 1
29 44 2 0
29 44 2 1
43 5 25 0
43 5 25 1
28 0 19 0
28.1357 -0.107976 18.8687 1
23 9 25 0
23.1893 9.14139 25.4107 1
38 17 34 0
38.0361 17.009 34.0361 1
45 33 35 0
45 33 35 1
21 1 10 0
21 1 10 1
46 25 10 0
46 25 10 1
32 6 13 0
32.2191 6.28559 12.721 1
16 34 2 0
16 34 2 1
47 37 43 0
46.55 37.225 43.45 1
31 12 31 0
31 12 31 1
42 12 35 0
42 12 35 1
17 2 24 0
16.8078 2 24.1922 1
44 12 26 0
43.647 11.7882 26.4236 1
24 42 17 0
24 42 17 1
6 11 6 0
6 11 6 1
18 10 21 0
18 10 21 1
41 25 40 0
40.8453 25.3094 39.9227 1
20 43 35 0
19.9255 43.1739 35.2981 1
32 28 47 0
32.3618 27.9912 46.8765 1
23 26 18 0
23 26 18 1
16 0 48 0
16 0 48 1
21 9 8 0
21.4147 8.93805 8.70449 1
26 28 15 0
25.7196 28.2804 15.2804 1
17 8 21 0
17 8 21 1
12 10 35 0
12 10.469 35 1
11 10 21 0
10.8654 9.67636 21.5627 1
38 41 12 0
38 41 12 1
0 25 17 0
0 25 17 1
4 35 13 0
4 35 13 1
17 26 43 0
19.1493 25.7614 42.1924 1
15 4 22 0
15 4 22 1
18 23 41 0
18.3156 23.3021 41.2427 1
1 44 10 0
1 44 10 1
31 6 12 0
31.1143 6.2077 11.8324 1
29 32 41 0
29.3183 32.6859 40.996 1
41 8 10 0
40.9546 8.79419 10.1978 1
31 21 28 0
33.2313 20.2435 27.492 1
4 19 35 0
3.78738 18.7597 35.3119 1
25 39 43 0
25 39 43 1
5 32 27 0
5 32 27 1
36 22 41 0
36.3847 22.5338 41.1555 1
38 19 41 0
37.9655 18.977 41.0574 1
31 30 22 0
30.7851 30.42 21.7793 1
11 12 24 0
11.6385 12.5527 23.5984 1
31 4 7 0
31 4 7 1
3 35 42 0
3 35 42 1
48 32 47 0
48.2503 31.9233 47.1573 1
17 28 31 0
17.3603 27.6652 31.1028 1
47 45 21 0
46.6797 45.4484 21.1922 1
29 42 20 0
29 42 20 1
14 41 32 0
14 41 32 1
44 29 19 0
44.4685 28.7823 18.8382 1
23 9 6 0
23 9 6 1
23 34 49 0
23 34 49 1
36 48 33 0
36 48 33 1
35 18 4 0
35 18 4 1
2 1 27 0
2 1 27 1
48 17 41 0
48 17 41 1
6 19 39 0
6.21956 19.5242 39.3947 1
5 37 26 0
5 37 26 1
8 42 47 0
8 42 47.0394 1
18 25 6 0
18.8973 25.5154 6.27499 1
43 41 32 0
43 41 32 1
48 47 25 0
48 47 25 1
7 15 26 0
7 15 26 1
43 36 37 0
43 36 37 1
15 29 4 0
15 29 4 1
19 6 29 0
19 6.18037 28.8196 1
25 15 44 0
24.6139 15.4466 43.4468 1
33 38 45 0
33 38 45 1
39 18 27 0
39 18 27 1
19 38 37 0
18.9981 38.5541 37.1188 1
31 12 40 0
31 12 40 1
1 23 22 0
1 23 22 1
24 16 12 0
24.0939 16.8726 11.7811 1
22 19 45 0
21.8654 18.6434 45.4973 1
43 25 10 0
43 25 10 1
45 9 9 0
45.063 9.22061 9.47273 1
37 42 40 0
37 42 40 1
41 45 17 0
41.1212 45 17.2424 1
47 17 34 0
47 17 34 1
42 21 32 0
42.1202 20.7736 32.7653 1
12 2 19 0
12 2 19 1
31 21 37 0
31.2625 20.7703 36.8359 1
3 28 20 0
3.62501 28.1764 20.4048 1
0 27 47 0
0 27 47 1
44 41 37 0
44.0361 41.0361 37.009 1
47 37 43 0
46.55 37.225 43.45 1
39 42 18 0
39.2939 42 18.5877 1
5 9 14 0
5 9 14 1
27 36 18 0
27.3103 35.8472 18.533 1
23 22 34 0
23 22 34 1
34 3 9 0
33.8528 3.55387 9.2934 1
39 15 40 0
39 15 40 1
26 45 6 0
25.8257 45.2105 6.03947 1
1 36 4 0
1.36536 36.0664 4.26572 1
35 30 22 0
35 29.7358 22.5283 1
16 31 44 0
16.4429 31.3358 44.0251 1
46 36 23 0
46.3508 36.0622 23.261 1
4 34 32 0
4 34 32 1
6 8 24 0
6 8 24 1
27 13 33 0
27.9805 12.82 32.909 1
46 27 46 0
46.0574 26.977 46.0345 1
34 38 2 0
34.3981 37.7565 2.03123 1
47 30 40 0
47.0436 29.8257 40.4794 1
12 1 11 0
12 1 11 1
43 26 22 0
43.46 26.0376 22.1659 1
16 16 2 0
16 16 2.50394 1
16 37 5 0
16 37 5 1
13 41 37 0
13 41 37 1
19 38 36 0
19.0006 38.3953 36 1
38 39 4 0
37.8149 39.5552 3.95373 1
43 26 40 0
42.9549 26.0958 39.9757 1
4 13 18 0
4 13 18 1
24 11 1 0
24 11 1 1
1 40 26 0
1 40 26 1
31 14 25 0
31.5715 14.9405 24.6849 1
43 30 16 0
43.2365 29.9212 15.8949 1
32 29 14 0
32.6183 29.3829 14.1299 1
35 46 33 0
35 46 33 1
30 0 41 0
30 0 41 1
35 38 4 0
34.7788 38.4837 4.13489 1
43 2 30 0
43 2 30 1
40 31 44 0
40 31 44 1
21 32 12 0
20.7025 32.5181 11.7897 1
16 13 12 0
16 13 12 1
43 23 23 0
43.1869 22.962 23.1769 1
3 37 1 0
3 37 1 1
5 48 18 0
5 48 18 1
30 26 33 0
30.0021 26.2099 32.8783 1
22 32 31 0
21.6764 33.2646 30.328 1
7 19 33 0
6.95069 19.4503 32.7234 1
25 38 22 0
25 38 22 1
27 46 27 0
26.8613 45.792 27.208 1
37 27 36 0
36.927 27.0877 35.9562 1
38 9 37 0
38 9 37 1
29 37 11 0
29.2903 36.9472 11.2111 1
39 31 6 0
39 31 6 1
49 20 47 0
49 20 47 1
45 13 31 0
45.4957 13.4957 31 1
35 13 1 0
35 13 1 1
16 39 36 0
16.0514 39.1164 35.9395 1
6 41 42 0
6 41 42 1
15 29 16 0
15.3286 29.9096 15.7285 1
20 48 20 0
20 48 20 1
31 6 35 0
31 6 35 1
43 20 46 0
43 20 46 1
9 45 8 0
9 45 8 1
41 36 48 0
40.9685 36.0631 48.1577 1
44 14 49 0
44 14 49 1
49 9 1 0
49 9 1 1
39 19 17 0
39 19 17 1
7 26 2 0
7 26 2 1
18 14 40 0
18.9307 13.8896 40.8156 1
37 21 34 0
37.347 21.0867 34.347 1
26 31 30 0
26.2536 31.9853 30.0176 1
5 9 11 0
5.31595 8.89468 11 1
31 18 21 0
31.3935 18.2222 21.034 1
42 10 17 0
41.5466 9.54663 17.6045 1
44 40 41 0
44.4483 39.9129 40.8789 1
14 13 2 0
14.336 12.6585 1.75005 1
39 13 17 0
39.1595 13.2422 17.7139 1
28 39 38 0
28 39 38 1
27 48 19 0
27 48 19.0638 1
44 6 34 0
44 6 34 1
23 27 43 0
23 27 43 1
19 1 39 0
19 1 39 1
28 21 13 0
28.4716 21.3537 13.0589 1
2 28 37 0
2 28 37 1
25 2 16 0
25 2 16 1
47 3 12 0
47.6143 2.66925 11.811 1
48 35 45 0
47.6555 35.212 45.359 1
42 34 49 0
42 34 49 1
12 42 47 0
12 42 47.1904 1
28 47 19 0
28.0064 46.9715 19.151 1
42 26 25 0
42.4216 25.7684 25.2642 1
39 45 18 0
39.2642 45 18.5283 1
14 43 2 0
14 43 2 1
4 29 9 0
4 29 9 1
46 12 33 0
46 12 33 1
21 23 9 0
20.8952 23.2095 8.93015 1
41 29 33 0
41 29 33 1
11 49 40 0
11 49 40 1
15 20 34 0
15.4919 21.0867 34.007 1
35 11 17 0
34.7691 11.4619 17.154 1
7 48 13 0
7 48 13 1
36 2 20 0
36 2 20 1
37 10 41 0
37 10 41 1
32 20 5 0
31.8246 19.6658 5.74322 1
18 8 3 0
18 8 3 1
35 11 26 0
35.8264 11.2893 25.7779 1
24 29 46 0
24.1071 28.8369 46.544 1
39 2 27 0
39 2 27 1
21 35 19 0
20.5888 34.6664 19.8344 1
45 33 35 0
45 33 35 1
47 33 49 0
47.2379 32.8499 49.1785 1
29 20 4 0
27.7498 21.7822 5.84823 1
3 20 34 0
2.88869 19.7218 34.5406 1
15 4 1 0
15 4 1 1
13 36 41 0
13 36 41 1
18 34 23 0
18 34 23 1
33 2 11 0
33 2 11 1
35 28 21 0
35 28 21 1
49 29 30 0
49 29 30 1
36 44 45 0
36 44 45 1
6 17 2 0
6.34634 17.4233 1.80759 1
34 24 31 0
34.1202 23.9166 31.0555 1
48 35 2 0
48 35 2 1
45 14 48 0
45 14 48 1
17 23 44 0
18.7829 23.1171 43.0827 1
30 35 18 0
29.6917 34.6889 18.9477 1
39 30 24 0
39 30 24 1
11 16 16 0
11 16 16 1
22 8 36 0
22 8 36 1
0 43 33 0
0 43 33 1
23 10 25 0
23.1738 10 25.0869 1
8 27 25 0
8 27 25 1
28 10 23 0
28 10 23 1
7 45 7 0
7 45 7 1
14 17 49 0
14 17 49 1
2 16 33 0
3.11833 15.6702 32.8614 1
7 37 29 0
7 37 29 1
5 7 44 0
5 7 44 1
3 29 35 0
3 29 35 1
39 29 18 0
39 29 18 1
27 43 24 0
27.2153 43.323 23.677 1
45 35 42 0
44.6898 35.0635 42.3496 1
38 47 9 0
38 47 9 1
45 1 9 0
45 1 9 1
3 21 35 0
3.75336 21.4448 34.506 1
19 15 22 0
19 15 22.4947 1
12 10 38 0
12 10.3566 38 1
13 23 37 0
12.8575 22.9826 37.3142 1
2 26 23 0
2.47943 25.8257 23.0436 1
1 1 8 0
1 1 8 1
8 3 44 0
8.35499 2.7054 43.9389 1
17 0 24 0
17 0 24 1
5 9 13 0
5 9 13 1
38 12 2 0
38 12 2 1
26 2 17 0
25.9194 2 17.0806 1
9 35 43 0
8.75238 34.8762 43.2063 1
28 46 6 0
27.8928 46.9991 6.25401 1
41 34 33 0
41 34 33 1
2 11 27 0
2.08183 11.3273 26.9182 1
8 15 23 0
8.55 15.4264 22.9488 1
21 11 13 0
21 11 13 1
17 8 31 0
17 7.98108 31.0189 1
42 37 27 0
42 37 27 1
49 36 27 0
49 36 27 1
30 19 31 0
29.355 19.8974 31.2356 1
10 5 43 0
10.1507 4.92464 43.1507 1
36 25 48 0
36 25 48 1
18 6 29 0
18 5.72862 29.2714 1
26 45 9 0
26.3937 45.0354 9.11367 1
48 1 20 0
48 1 20 1
2 6 27 0
2 6 27 1
2 46 13 0
2 46 13 1
30 43 26 0
30.1993 43.299 25.701 1
43 16 11 0
43 16 11 1
7 34 6 0
7 34 6 1
20 30 27 0
19.2518 31.8905 26.3216 1
8 7 20 0
8 6.99482 20.0155 1
37 39 8 0
37.0803 39.1204 8.02007 1
6 37 13 0
6 37 13 1
48 47 18 0
48 47 18 1
40 25 42 0
39.9517 25.0965 41.9759 1
26 20 36 0
26 20 36 1
20 37 19 0
20.1211 37.0606 19.0605 1
41 15 15 0
41 15 15 1
11 46 32 0
11 46 32 1
23 28 5 0
23.2624 27.8664 4.86187 1
27 14 37 0
27.4339 13.8362 37.0721 1
32 29 48 0
32.3538 28.8424 47.9603 1
7 21 36 0
6.53679 21.9861 35.943 1
49 23 46 0
49 23 46 1
31 29 9 0
31.2655 29.3369 8.95864 1
13 32 27 0
13 32 27 1
24 27 6 0
24.1051 27.0525 5.94746 1
28 32 42 0
28.3942 32.9039 42.0148 1
7 46 25 0
7 46 25 1
12 34 46 0
12 34 46 1
37 4 10 0
37 4 10 1
47 31 10 0
47 31 10 1
18 19 9 0
19.9279 20.4521 9.85662 1
37 12 17 0
36.8498 12.3004 17.1001 1
4 48 36 0
4 48 36 1
32 20 5 0
31.8246 19.6658 5.74322 1
4 20 39 0
4.39603 20.8747 39.2751 1
41 40 17 0
41 40 17 1
28 42 33 0
28.0505 42.0505 33.1514 1
45 44 20 0
45 44 20 1
41 5 19 0
41 5 19 1
29 2 23 0
29 2 23 1
1 32 0 0
1 32 0 1
47 2 19 0
47.0993 2.24823 19.1489 1
36 8 28 0
35.7848 8.21518 28.4304 1
19 48 20 0
19 48 20 1
35 1 22 0
35 1 22 1
34 36 0 0
34 36 0 1
17 26 9 0
17.305 26.0905 8.94073 1
20 17 39 0
20.098 17.4259 38.9013 1
26 35 46 0
26.356 34.7504 46.241 1
35 10 20 0
35.5903 10.3879 20.2631 1
14 2 29 0
14 2 29 1
48 1 31 0
48 1 31 1
38 8 46 0
38 8 46 1
6 42 25 0
6.65478 41.8363 25 1
14 29 15 0
14.5479 30.0962 14.8222 1
31 42 14 0
31 42 14 1
13 28 42 0
12.9768 28.1622 41.9305 1
20 30 29 0
18.4594 32.6592 28.1444 1
13 20 6 0
12.9636 20.1093 6 1
29 3 21 0
29.5413 2.86467 20.9323 1
44 46 41 0
44.0048 46.1499 41.359 1
14 23 12 0
14.6652 23.5247 11.5258 1
8 3 22 0
8 3 22 1
25 16 14 0
24.9049 17.838 13.8194 1
16 41 41 0
16 41 41 1
37 15 7 0
37 15 7 1
3 23 36 0
4.02557 23.2576 35.6813 1
8 33 6 0
8 33 6 1
42 7 12 0
42.2514 7.46443 12.1227 1
1 37 28 0
0.959596 37.0808 28.1212 1
22 34 5 0
22.855 33.4841 4.21684 1
7 18 6 0
7 18 6 1
14 31 18 0
14.0264 31.0395 17.9736 1
43 3 20 0
43.0754 3.15072 20.1507 1
6 2 41 0
6.13772 1.97246 40.9174 1
45 49 15 0
45 49 15 1
44 14 27 0
44.6357 14.3403 26.787 1
40 49 22 0
40 49 22 1
17 33 45 0
17 33 45 1
18 43 8 0
18 43 8 1
1 12 30 0
1.00923 12.0369 29.9908 1
43 21 32 0
43 20.8746 32.5015 1
10 39 7 0
10 39 7 1
18 39 21 0
18 39 21 1
30 24 10 0
30 24.163 10.6519 1
5 35 20 0
5 35 20.4349 1
19 22 9 0
18.5491 22.6384 8.95437 1
25 28 14 0
24.8116 28.1884 14.1884 1
18 14 34 0
18.2821 13.8338 34.328 1
43 37 8 0
43 37 8 1
20 37 0 0
20 37 0 1
14 11 5 0
14 11 5 1
23 31 22 0
22.5839 32.122 22.2782 1
46 27 39 0
45.5285 27.4303 38.66 1
41 0 3 0
41 2.80979e-08 3 1
47 11 28 0
47.4292 11.5479 27.8505 1
36 2 39 0
36 2 39 1
15 10 36 0
15 10.2826 36 1
2 8 32 0
2 8 32 1
25 33 20 0
25.3243 32.7154 19.9702 1
17 3 40 0
17 3 40 1
1 11 26 0
1.04859 11.1944 25.9514 1
12 19 38 0
11.9755 19.0122 38.0245 1
41 43 25 0
41 43 25 1
28 18 6 0
27.5825 18.4741 6.64471 1
33 16 30 0
33.0705 16.0881 29.9472 1
26 42 10 0
25.9331 42.0669 10.2008 1
33 13 40 0
33 13 40 1
0 28 31 0
0 28 31 1
4 4 6 0
4.10339 3.58645 6.41355 1
25 38 28 0
25 38.5435 28 1
6 42 28 0
6 42 28 1
33 40 40 0
33 40 40 1
29 44 32 0
29 44 32 1
1 40 33 0
1 40 33 1
31 21 19 0
32.5277 20.3408 19.7026 1
15 40 10 0
15 40 10 1
35 40 10 0
35 40.5783 9.71083 1
3 35 30 0
3.02715 35.0271 30 1
8 35 49 0
8 35 49 1
20 12 31 0
20 12 31 1
17 15 2 0
17.1484 14.9664 3.13873 1
45 16 40 0
45 16 40 1
8 13 21 0
7.36895 12.5101 21.8187 1
15 1 6 0
15 1 6 1
24 40 10 0
24 40 10 1
42 46 41 0
42 46.0588 41.1176 1
28 1 12 0
27.9799 1.12042 12.0803 1
39 34 31 0
39 34 31 1
32 1 13 0
31.9532 1.73228 12.9924 1
18 12 39 0
18 12 39 1
0 35 16 0
0 35 16 1
20 5 8 0
20 5 8 1
27 29 31 0
27.2031 29.4927 31.3827 1
10 19 24 0
10 19 24 1
24 5 26 0
24.1503 5.15026 26.4508 1
22 38 30 0
22 38 30 1
46 38 23 0
46.5483 37.8127 23.4954 1
24 45 39 0
24.299 44.701 39.1993 1
12 35 4 0
12 35 4 1
6 11 20 0
5.66503 11.1117 20.4466 1
23 46 34 0
22.9075 46.2159 34.3702 1
29 38 34 0
29.4479 38.2608 33.8639 1
8 23 45 0
8 23 45 1
20 19 22 0
19.7092 18.6854 22.7105 1
45 41 12 0
45 41 12 1
32 13 21 0
32.9171 13.9171 21 1
11 10 42 0
11 10 42 1
44 32 41 0
44.0436 31.8257 41.4794 1
25 47 3 0
24.9562 47.0877 3.07304 1
8 14 43 0
8 14 43 1
49 18 33 0
49 18 33 1
45 32 19 0
45.262 31.9127 18.8836 1
27 46 36 0
26.792 46.208 35.8613 1
15 22 10 0
16.878 23.5156 10.0281 1
15 22 13 0
15.9683 22.2847 12.6788 1
15 24 40 0
16.6314 23.7787 38.9443 1
15 25 7 0
14.9707 25.0236 7.12506 1
15 25 13 0
16.8104 24.8588 12.4846 1
15 27 39 0
15.5332 27.0642 39.1426 1
16 20 13 0
17.5023 20.8637 13.1288 1
16 20 36 0
16.2826 20.4776 35.8049 1
16 21 6 0
16.5147 22.2502 5.55497 1
16 21 8 0
16.7803 22.3483 8.05559 1
16 21 11 0
17.122 21.8096 11.2015 1
16 21 43 0
15.4697 21.2015 43.8242 1
16 23 14 0
16.8615 23.3318 13.5619 1
16 23 43 0
16.9549 22.797 42.561 1
16 24 16 0
17.516 24.077 15.5412 1
16 24 42 0
17.262 23.9409 41.4934 1
16 25 18 0
16.8731 24.8624 17.5957 1
16 26 17 0
18.6707 25.8907 16.1719 1
16 27 34 0
17.0094 26.5097 34.1266 1
16 28 12 0
17.6296 27.6755 12.3366 1
16 28 41 0
16.2452 27.9541 40.9019 1
16 29 9 0
16.674 29.0091 8.78491 1
16 29 14 0
17.2457 28.1311 13.9954 1
17 19 10 0
18.375 19.878 10.3492 1
17 19 35 0
18.1478 20.3481 35.0897 1
17 22 30 0
18.1083 22.3122 30.4815 1
17 22 44 0
18.4404 21.9913 43.1671 1
17 23 30 0
17.6212 23.1269 30.1916 1
17 25 45 0
18.049 24.9217 44.5218 1
17 26 19 0
18.8766 25.7795 18.2835 1
17 28 16 0
18.4695 27.0083 14.9912 1
17 29 33 0
17.5819 28.7717 33.0613 1
17 29 36 0
17.7843 28.4139 35.9366 1
17 30 10 0
18.3359 29.5919 10.1675 1
17 30 36 0
17.316 30.1013 35.7504 1
17 31 12 0
16.3763 31.7929 12.1117 1
18 17 9 0
18.5417 17.2758 8.81658 1
18 17 40 0
18.2399 16.8494 40.1332 1
18 18 11 0
19.3224 19.187 11.0585 1
18 18 14 0
18.4428 18.504 13.8995 1
18 18 34 0
19.2658 19.2577 34.144 1
18 19 31 0
19.4375 20.0426 31.5255 1
18 20 5 0
18.6243 20.9483 5.15285 1
18 22 19 0
19.9058 22.7932 18.2159 1
18 23 27 0
19.765 23.3183 27.7183 1
18 25 3 0
18.6176 24.8844 3.35117 1
18 25 21 0
19.6372 25.4256 20.5036 1
18 25 23 0
19.2469 25.5208 22.8678 1
18 26 26 0
18.4234 25.9765 26.1484 1
18 28 46 0
17.4927 28.1071 46.9579 1
18 29 19 0
19.691 27.8402 18.3736 1
18 30 41 0
18.877 29.5906 41.654 1
18 31 16 0
16.6386 32.6537 16.2807 1
19 17 34 0
19.8654 17.7513 34.1172 1
19 17 35 0
20.3893 18.434 34.7544 1
19 17 38 0
20.0949 18.683 38.2945 1
19 18 43 0
19.8843 19.2712 42.1518 1
19 19 6 0
20.0023 19.8706 6.25533 1
19 19 17 0
19.4521 19.4005 16.7061 1
19 20 27 0
20.4643 20.7588 27.7722 1
19 20 45 0
19.3665 20.3118 44.6164 1
19 21 20 0
20.7788 21.9641 19.3276 1
19 21 26 0
19.8272 21.4711 26.3726 1
19 22 2 0
19.9773 22.1871 2.273 1
19 22 25 0
21.3966 22.6772 25.485 1
19 23 23 0
22.1004 24.0798 22.8847 1
19 23 24 0
21.0164 23.7437 24.2597 1
19 24 47 0
17.7295 23.9827 48.361 1
19 27 2 0
19.1619 27.0649 2.55188 1
19 28 2 0
19.2716 28.1569 3.13169 1
19 28 46 0
18.4865 28.1117 46.7558 1
19 29 27 0
18.4036 29.8938 26.2801 1
19 29 46 0
18.4563 29.3072 47.1177 1
19 31 14 0
17.5506 33.0657 14.0647 1
19 32 41 0
19.3304 31.7329 41.2736 1
19 33 40 0
19.3234 33.0854 40.4909 1
20 17 33 0
20.6084 17.8186 33.4934 1
20 18 17 0
20.8183 18.8183 16.4545 1
20 28 26 0
20.6988 27.4875 26.5791 1
20 31 17 0
20.7012 30.3319 16.5514 1
20 32 6 0
20.0046 32.1137 6.29572 1
20 32 13 0
19.1953 33.6703 13.0687 1
20 32 17 0
20.7725 31.423 16.9638 1
21 16 10 0
21.3166 16.6195 9.97121 1
21 16 36 0
21.4951 16.8422 35.918 1
21 18 4 0
21.869 19.0532 3.91053 1
21 19 2 0
21.3404 19.2698 2.28326 1
21 19 46 0
21.3265 19.8588 45.4954 1
21 20 24 0
22.368 21.5247 24.0716 1
21 27 1 0
21.5595 26.5772 2.76525 1
21 30 24 0
20.3797 31.4187 24.0999 1
21 31 28 0
20.3046 32.902 27.1317 1
21 31 31 0
20.3495 32.1973 30.7263 1
21 31 46 0
20.9906 31.2889 46.8595 1
22 15 12 0
21.7136 15.8381 12.4457 1
22 15 37 0
22.7317 15.9362 36.9763 1
22 15 38 0
22.6187 15.7521 38.0073 1
22 16 44 0
21.5078 15.3151 45.3338 1
22 18 3 0
22.3835 18.8179 3.09631 1
22 19 22 0
22.2799 19.4486 21.7724 1
22 19 28 0
22.4892 19.8984 28.1508 1
22 23 48 0
21.6727 22.6824 48.8607 1
22 25 49 0
21.7104 24.8077 50.2263 1
22 29 48 0
21.5675 29.264 48.7322 1
22 30 2 0
21.8998 30.0565 2.5019 1
22 30 27 0
21.1489 32.6438 26.0019 1
22 32 6 0
21.5103 31.9922 6.89368 1
22 33 13 0
21.7867 33.2959 12.993 1
22 33 37 0
21.6746 33.4741 36.9534 1
23 15 9 0
23.1243 15.8031 8.9742 1
23 16 6 0
23.1049 16.1432 6.03984 1
23 17 20 0
23.0673 18.7579 19.3834 1
23 17 29 0
22.9263 17.7119 29.4517 1
23 25 49 0
22.8671 24.9621 49.8691 1
23 29 1 0
23.1374 28.5902 1.52493 1
23 30 26 0
22.147 32.8255 25.3134 1
23 32 29 0
22.5303 34.2512 27.7115 1
23 33 41 0
22.8149 34.1902 41.1735 1
23 34 12 0
22.6894 34.6319 12.0922 1
24 15 9 0
24.2666 16.708 8.92439 1
24 16 17 0
23.781 18.3989 16.5269 1
24 17 29 0
23.7587 18.1225 29.5282 1
24 18 23 0
24.0326 19.4241 22.5837 1
24 18 25 0
24.4651 19.2499 25.1288 1
24 23 49 0
23.9865 22.9956 49.8121 1
24 26 0 0
23.944 25.8717 0.418748 1
24 30 2 0
23.603 30.5002 2.14421 1
24 31 26 0
23.5574 33.6763 25.7053 1
24 31 29 0
24.2219 33.5568 28.6981 1
24 32 19 0
24.152 32.2055 19.162 1
24 32 45 0
23.4991 32.539 45.644 1
24 33 44 0
23.4475 33.6271 44.4225 1
24 34 8 0
24.1745 35.018 7.90223 1
24 34 36 0
24.039 34.117 36.1949 1
25 16 18 0
23.9825 18.9869 17.0772 1
25 18 46 0
25.0934 19.1001 45.1052 1
25 24 0 0
24.8513 23.9256 0.520504 1
25 24 49 0
24.9902 23.8648 49.4927 1
25 31 26 0
25.0294 32.6081 25.7733 1
25 34 8 0
24.8867 33.8233 8.17593 1
26 15 41 0
25.6507 15.4699 40.831 1
26 17 20 0
25.1277 19.4155 18.997 1
26 18 21 0
25.2415 20.2956 19.5251 1
26 18 29 0
25.9148 19.196 29.4434 1
26 31 4 0
25.727 31.3349 4.16957 1
26 31 24 0
26.5813 32.3575 24.2759 1
26 31 28 0
26.0231 33.1816 27.9441 1
26 31 46 0
25.724 31.1394 46.9865 1
27 15 12 0
27.0403 16.4516 11.5323 1
27 16 15 0
26.3789 18.4125 14.481 1
27 16 34 0
27.2126 15.899 33.939 1
27 17 19 0
26.088 19.6136 18.0268 1
27 17 32 0
26.1304 18.6812 32.8772 1
27 17 44 0
26.5118 17.7341 43.4516 1
27 18 4 0
26.3236 18.7639 4.75858 1
27 18 29 0
26.5694 19.7098 29.2988 1
27 30 25 0
27.2215 30.5842 24.9177 1
27 33 8 0
27.4168 34.2707 7.81881 1
27 33 9 0
27.5232 34.8191 8.77342 1
27 33 14 0
27.3745 33.6063 14.1114 1
27 33 16 0
27.2767 33.536 16.0242 1
27 33 36 0
27.0805 33.2415 36.2012 1
27 34 13 0
27.2641 34.7002 13.1756 1
28 16 6 0
28.8591 15.6824 5.50387 1
28 16 7 0
28.8245 15.2816 6.58718 1
28 16 16 0
27.2017 18.0028 15.4238 1
28 17 32 0
27.0291 18.2814 32.7706 1
28 17 43 0
27.5384 17.7291 42.5006 1
28 18 18 0
25.7687 21.2138 16.657 1
28 18 20 0
26.6139 20.3844 18.9937 1
28 18 29 0
27.3188 19.7744 29.3971 1
28 19 22 0
26.7216 20.9166 21.0238 1
28 23 48 0
28.0327 22.8826 48.1694 1
28 25 1 0
26.5119 25.0594 3.72104 1
28 28 1 0
27.6406 27.9969 1.62922 1
28 29 23 0
28.4404 29.5289 23.2201 1
28 29 24 0
28.9889 30.1192 24.4763 1
28 30 46 0
28.217 30.1961 46.5738 1
28 33 16 0
28.9283 33.5176 15.3141 1
29 16 11 0
29.746 15.6674 11.0845 1
29 16 35 0
28.0724 16.9951 35.6948 1
29 17 6 0
29.8642 15.9459 5.01371 1
29 17 15 0
27.9233 18.872 14.6801 1
29 17 16 0
28.3181 17.9408 15.7133 1
29 17 17 0
28.0863 18.9046 16.3078 1
29 21 2 0
28.0355 21.5413 2.99281 1
29 21 22 0
30.359 19.7488 22.6778 1
29 22 2 0
28.4834 22.1843 2.51948 1
29 22 47 0
29 22.1596 46.8404 1
29 28 47 0
29.6201 28.7463 47.791 1
29 31 17 0
28.9118 31.0121 17.2739 1
29 31 31 0
28.5879 30.3849 31.8695 1
29 32 6 0
29.5794 33.0356 5.61917 1
29 33 9 0
29.1921 34.0236 8.95014 1
29 33 10 0
29.4946 33.5534 9.77154 1
30 17 8 0
30.4123 16.619 7.88566 1
30 17 9 0
30.0994 17.0215 8.96179 1
30 18 15 0
30.5173 17.5556 15.1015 1
30 19 32 0
28.6918 20.4551 32.5473 1
30 21 24 0
30.9322 20.9039 23.7718 1
30 22 21 0
31.5829 21.729 21.4291 1
30 22 24 0
31.6791 21.5631 23.7434 1
30 22 47 0
30.3468 22.1399 47.6487 1
30 23 2 0
30.6519 22.8312 1.47755 1
30 26 2 0
31.6632 26.0673 0.418746 1
30 26 25 0
32.2063 26.6854 24.5146 1
30 27 27 0
31.1668 27.5143 26.6328 1
30 27 46 0
30.6299 27.0745 46.9289 1
30 28 2 0
31.0482 27.8678 1.073 1
30 28 22 0
30.4698 28.214 22.3383 1
30 28 28 0
31.0092 28.7453 27.5857 1
30 30 17 0
30.4311 30.4738 17.2545 1
30 31 17 0
30.1069 31.0863 16.9152 1
30 32 11 0
31.0429 33.42 10.8249 1
31 17 40 0
31.4107 16.8631 40.4107 1
31 20 5 0
29.6395 21.8337 6.95778 1
31 20 19 0
32.4672 19.31 19.8919 1
31 21 18 0
32.8094 20.0928 18.3594 1
31 23 20 0
32.6914 22.5011 20.6832 1
31 23 25 0
31.957 22.9585 24.7245 1
31 25 27 0
32.2883 25.1277 27.1011 1
31 25 28 0
33.0944 25.3391 27.3302 1
31 26 4 0
32.5615 26.0931 2.90377 1
31 26 46 0
32.2087 25.9922 46.8934 1
31 27 3 0
32.4267 27.1227 1.76946 1
31 28 44 0
32.5482 28.511 44.4574 1
31 29 5 0
31.9302 29.4042 4.58842 1
31 29 19 0
31.4904 29.461 19.115 1
31 30 17 0
31.5917 30.7886 17.1409 1
31 30 44 0
31.369 30.6437 44.5601 1
31 31 39 0
31.0532 31.5745 38.7946 1
32 20 40 0
32.8987 19.6395 39.8169 1
32 21 31 0
33.085 20.35 30.9756 1
32 21 32 0
33.3429 20.2073 31.7423 1
32 22 6 0
32.7201 21.9412 5.41336 1
32 23 31 0
33.0836 23.2511 30.2485 1
32 25 44 0
33.0613 25.1906 44.3244 1
32 26 45 0
33.2966 26.325 45.4184 1
32 27 31 0
33.1634 27.1335 30.6544 1
32 28 31 0
32.8007 28.0804 30.6352 1
32 29 6 0
32.7908 29.4513 5.61874 1
32 29 8 0
32.0515 29.291 7.99706 1
32 29 16 0
32.9187 30.091 16.1366 1
32 29 44 0
33.5021 28.9423 44.686 1
32 30 37 0
32.0308 30.2155 36.9076 1
33 22 7 0
33.8391 21.8556 6.58997 1
33 22 16 0
33.48 22.0905 16.3949 1
33 23 16 0
33.3164 22.9817 16.1354 1
33 23 43 0
33.8633 23.1302 43.2142 1
33 23 44 0
34.4359 23.565 44.8823 1
33 24 15 0
33.3625 24.0735 15.132 1
33 24 34 0
34.3906 24.209 33.5012 1
33 25 5 0
32.5359 25.1111 5.58806 1
33 26 34 0
33.9627 26.2205 33.6529 1
33 26 41 0
35.075 26.3984 41.6321 1
33 28 12 0
35.0635 29.1083 11.8641 1
34 22 9 0
34.4398 22.2082 8.76337 1
34 23 39 0
34.9498 22.7484 38.8022 1
34 24 10 0
34.0125 24.4284 9.67251 1
34 24 12 0
35.5481 24.1278 12.2521 1
34 25 37 0
34.4802 24.634 36.9957 1
34 26 12 0
34.8052 26.1371 12.3004 1
34 26 39 0
34.6322 25.8224 39.3566 1
